0 -9803 -5507
2.26757e-05 -9788 -5477
4.53515e-05 -9634 -5374
6.80272e-05 -9349 -5209
9.07029e-05 -8957 -4981
0.000113379 -8485 -4696
0.000136054 -7956 -4372
0.00015873 -7384 -4023
0.000181406 -6784 -3650
0.000204082 -6166 -3262
0.000226757 -5540 -2875
0.000249433 -4921 -2501
0.000272109 -4317 -2149
0.000294785 -3734 -1824
0.00031746 -3195 -1540
0.000340136 -2731 -1312
0.000362812 -2370 -1155
0.000385488 -2131 -1077
0.000408163 -2033 -1077
0.000430839 -2086 -1157
0.000453515 -2281 -1316
0.00047619 -2598 -1541
0.000498866 -3009 -1803
0.000521542 -3478 -2088
0.000544218 -3969 -2383
0.000566893 -4448 -2662
0.000589569 -4876 -2899
0.000612245 -5220 -3086
0.000634921 -5462 -3218
0.000657596 -5597 -3285
0.000680272 -5619 -3277
0.000702948 -5525 -3200
0.000725624 -5320 -3056
0.000748299 -5008 -2846
0.000770975 -4599 -2579
0.000793651 -4110 -2269
0.000816327 -3554 -1924
0.000839002 -2943 -1549
0.000861678 -2295 -1160
0.000884354 -1634 -766
0.000907029 -971 -369
0.000929705 -313 27
0.000952381 329 419
0.000975057 958 811
0.000997732 1587 1212
0.00102041 2224 1626
0.00104308 2871 2052
0.00106576 3541 2494
0.00108844 4243 2951
0.00111111 4966 3416
0.00113379 5704 3882
0.00115646 6461 4345
0.00117914 7222 4795
0.00120181 7959 5221
0.00122449 8664 5614
0.00124717 9327 5967
0.00126984 9919 6264
0.00129252 10407 6495
0.00131519 10784 6656
0.00133787 11052 6748
0.00136054 11204 6775
0.00138322 11235 6739
0.0014059 11159 6642
0.00142857 10994 6494
0.00145125 10757 6306
0.00147392 10459 6085
0.0014966 10109 5837
0.00151927 9721 5573
0.00154195 9313 5299
0.00156463 8890 5019
0.0015873 8455 4739
0.00160998 8017 4465
0.00163265 7584 4194
0.00165533 7147 3920
0.001678 6699 3648
0.00170068 6240 3375
0.00172336 5777 3093
0.00174603 5307 2801
0.00176871 4835 2514
0.00179138 4370 2231
0.00181406 3919 1952
0.00183673 3489 1689
0.00185941 3098 1461
0.00188209 2757 1264
0.00190476 2471 1097
0.00192744 2243 962
0.00195011 2080 862
0.00197279 1970 781
0.00199546 1893 710
0.00201814 1832 645
0.00204082 1774 579
0.00206349 1706 503
0.00208617 1611 413
0.00210884 1479 309
0.00213152 1305 185
0.00215419 1089 42
0.00217687 835 -114
0.00219955 543 -286
0.00222222 210 -474
0.0022449 -159 -675
0.00226757 -565 -889
0.00229025 -1010 -1116
0.00231293 -1495 -1352
0.0023356 -2009 -1588
0.00235828 -2529 -1815
0.00238095 -3039 -2028
0.00240363 -3521 -2216
0.0024263 -3950 -2367
0.00244898 -4302 -2476
0.00247166 -4567 -2540
0.00249433 -4729 -2557
0.00251701 -4776 -2523
0.00253968 -4710 -2440
0.00256236 -4539 -2315
0.00258503 -4276 -2153
0.00260771 -3935 -1959
0.00263039 -3548 -1741
0.00265306 -3143 -1514
0.00267574 -2733 -1294
0.00269841 -2338 -1090
0.00272109 -1990 -915
0.00274376 -1702 -776
0.00276644 -1473 -676
0.00278912 -1308 -619
0.00281179 -1219 -606
0.00283447 -1201 -631
0.00285714 -1234 -680
0.00287982 -1303 -747
0.00290249 -1401 -828
0.00292517 -1518 -911
0.00294785 -1640 -982
0.00297052 -1745 -1032
0.0029932 -1813 -1055
0.00301587 -1831 -1044
0.00303855 -1797 -1005
0.00306122 -1713 -942
0.0030839 -1588 -862
0.00310658 -1445 -779
0.00312925 -1310 -717
0.00315193 -1215 -688
0.0031746 -1196 -699
0.00319728 -1278 -760
0.00321995 -1461 -878
0.00324263 -1732 -1043
0.00326531 -2081 -1242
0.00328798 -2486 -1466
0.00331066 -2915 -1704
0.00333333 -3336 -1939
0.00335601 -3735 -2165
0.00337868 -4104 -2382
0.00340136 -4441 -2584
0.00342404 -4752 -2767
0.00344671 -5044 -2939
0.00346939 -5326 -3104
0.00349206 -5598 -3256
0.00351474 -5863 -3390
0.00353741 -6122 -3517
0.00356009 -6377 -3636
0.00358277 -6624 -3743
0.00360544 -6847 -3833
0.00362812 -7037 -3906
0.00365079 -7187 -3959
0.00367347 -7298 -3995
0.00369615 -7370 -4021
0.00371882 -7406 -4035
0.0037415 -7415 -4034
0.00376417 -7403 -4025
0.00378685 -7376 -4012
0.00380952 -7338 -3992
0.0038322 -7277 -3961
0.00385488 -7183 -3915
0.00387755 -7038 -3848
0.00390023 -6822 -3750
0.0039229 -6514 -3612
0.00394558 -6110 -3424
0.00396825 -5610 -3188
0.00399093 -5016 -2908
0.00401361 -4342 -2587
0.00403628 -3617 -2222
0.00405896 -2861 -1820
0.00408163 -2083 -1392
0.00410431 -1291 -945
0.00412698 -495 -474
0.00414966 312 17
0.00417234 1133 524
0.00419501 1963 1042
0.00421769 2800 1572
0.00424036 3648 2109
0.00426304 4490 2639
0.00428571 5304 3149
0.00430839 6077 3631
0.00433107 6797 4082
0.00435374 7445 4485
0.00437642 8007 4827
0.00439909 8480 5110
0.00442177 8860 5344
0.00444444 9148 5529
0.00446712 9358 5658
0.0044898 9507 5737
0.00451247 9606 5775
0.00453515 9660 5773
0.00455782 9668 5728
0.0045805 9623 5646
0.00460317 9528 5531
0.00462585 9384 5384
0.00464853 9186 5211
0.0046712 8931 5019
0.00469388 8632 4809
0.00471655 8298 4585
0.00473923 7926 4352
0.0047619 7517 4107
0.00478458 7079 3846
0.00480726 6617 3568
0.00482993 6125 3279
0.00485261 5609 2973
0.00487528 5079 2654
0.00489796 4549 2334
0.00492063 4024 2019
0.00494331 3510 1701
0.00496599 3022 1382
0.00498866 2579 1082
0.00501134 2192 812
0.00503401 1858 566
0.00505669 1576 341
0.00507936 1344 144
0.00510204 1146 -23
0.00512472 967 -170
0.00514739 802 -300
0.00517007 647 -413
0.00519274 496 -511
0.00521542 354 -592
0.0052381 235 -651
0.00526077 138 -684
0.00528345 60 -696
0.00530612 12 -687
0.0053288 -4 -661
0.00535147 -10 -629
0.00537415 -19 -600
0.00539683 -31 -580
0.0054195 -54 -574
0.00544218 -104 -587
0.00546485 -183 -615
0.00548753 -285 -651
0.0055102 -405 -690
0.00553288 -533 -728
0.00555556 -649 -754
0.00557823 -747 -764
0.00560091 -830 -765
0.00562358 -900 -762
0.00564626 -966 -756
0.00566893 -1048 -756
0.00569161 -1158 -771
0.00571429 -1293 -797
0.00573696 -1439 -821
0.00575964 -1574 -837
0.00578231 -1674 -833
0.00580499 -1716 -790
0.00582766 -1673 -696
0.00585034 -1519 -551
0.00587302 -1253 -359
0.00589569 -895 -121
0.00591837 -460 149
0.00594104 29 434
0.00596372 537 715
0.00598639 1025 975
0.00600907 1475 1203
0.00603175 1876 1397
0.00605442 2208 1560
0.0060771 2460 1685
0.00609977 2641 1773
0.00612245 2766 1834
0.00614512 2844 1871
0.0061678 2875 1880
0.00619048 2856 1856
0.00621315 2783 1802
0.00623583 2659 1716
0.0062585 2481 1591
0.00628118 2245 1425
0.00630385 1948 1220
0.00632653 1588 983
0.00634921 1168 722
0.00637188 700 440
0.00639456 201 137
0.00641723 -335 -187
0.00643991 -915 -533
0.00646258 -1532 -900
0.00648526 -2194 -1297
0.00650794 -2920 -1726
0.00653061 -3711 -2181
0.00655329 -4547 -2652
0.00657596 -5417 -3127
0.00659864 -6307 -3595
0.00662132 -7171 -4041
0.00664399 -7968 -4445
0.00666667 -8672 -4784
0.00668934 -9239 -5039
0.00671202 -9620 -5202
0.00673469 -9805 -5274
0.00675737 -9815 -5264
0.00678005 -9659 -5177
0.00680272 -9344 -5026
0.0068254 -8909 -4828
0.00684807 -8398 -4598
0.00687075 -7831 -4342
0.00689342 -7226 -4066
0.0069161 -6600 -3777
0.00693878 -5956 -3475
0.00696145 -5287 -3151
0.00698413 -4597 -2803
0.0070068 -3892 -2440
0.00702948 -3177 -2070
0.00705215 -2467 -1697
0.00707483 -1782 -1332
0.00709751 -1134 -992
0.00712018 -540 -683
0.00714286 -26 -407
0.00716553 391 -175
0.00718821 707 5
0.00721088 913 143
0.00723356 1014 241
0.00725624 1022 295
0.00727891 945 308
0.00730159 793 290
0.00732426 583 248
0.00734694 338 183
0.00736961 69 104
0.00739229 -206 24
0.00741497 -459 -43
0.00743764 -660 -84
0.00746032 -782 -79
0.00748299 -798 -16
0.00750567 -685 108
0.00752834 -433 302
0.00755102 -39 563
0.0075737 491 883
0.00759637 1141 1251
0.00761905 1881 1657
0.00764172 2674 2086
0.0076644 3475 2518
0.00768707 4244 2931
0.00770975 4949 3306
0.00773243 5561 3626
0.0077551 6059 3887
0.00777778 6432 4083
0.00780045 6677 4210
0.00782313 6788 4261
0.00784581 6761 4235
0.00786848 6603 4132
0.00789116 6319 3955
0.00791383 5916 3711
0.00793651 5420 3411
0.00795918 4855 3060
0.00798186 4235 2667
0.00800453 3576 2247
0.00802721 2910 1811
0.00804989 2272 1379
0.00807256 1683 968
0.00809524 1159 591
0.00811791 718 259
0.00814059 373 -18
0.00816326 123 -236
0.00818594 -42 -398
0.00820862 -130 -510
0.00823129 -147 -571
0.00825397 -100 -591
0.00827664 -6 -583
0.00829932 126 -555
0.00832199 299 -513
0.00834467 506 -465
0.00836735 729 -419
0.00839002 951 -372
0.0084127 1160 -329
0.00843537 1339 -296
0.00845805 1466 -280
0.00848073 1531 -278
0.0085034 1527 -287
0.00852608 1454 -301
0.00854875 1334 -312
0.00857143 1197 -306
0.0085941 1071 -274
0.00861678 976 -208
0.00863946 932 -107
0.00866213 956 30
0.00868481 1051 204
0.00870748 1214 401
0.00873016 1429 606
0.00875283 1667 806
0.00877551 1903 997
0.00879819 2117 1167
0.00882086 2285 1295
0.00884354 2387 1374
0.00886621 2416 1401
0.00888889 2371 1370
0.00891156 2246 1277
0.00893424 2047 1125
0.00895692 1790 923
0.00897959 1489 681
0.00900227 1148 410
0.00902494 777 126
0.00904762 387 -154
0.00907029 -17 -420
0.00909297 -428 -662
0.00911565 -833 -874
0.00913832 -1229 -1051
0.009161 -1604 -1189
0.00918367 -1940 -1286
0.00920635 -2220 -1345
0.00922902 -2452 -1372
0.0092517 -2640 -1372
0.00927438 -2785 -1353
0.00929705 -2891 -1319
0.00931973 -2969 -1276
0.0093424 -3025 -1229
0.00936508 -3056 -1181
0.00938775 -3052 -1129
0.00941043 -3006 -1072
0.00943311 -2911 -1009
0.00945578 -2761 -934
0.00947846 -2551 -840
0.00950113 -2276 -727
0.00952381 -1937 -595
0.00954648 -1538 -438
0.00956916 -1082 -251
0.00959184 -579 -37
0.00961451 -47 190
0.00963719 487 427
0.00965986 1001 662
0.00968254 1478 882
0.00970522 1899 1075
0.00972789 2244 1239
0.00975057 2500 1366
0.00977324 2660 1445
0.00979592 2719 1471
0.00981859 2669 1444
0.00984127 2505 1357
0.00986395 2230 1211
0.00988662 1852 1013
0.0099093 1382 769
0.00993197 838 487
0.00995465 247 184
0.00997732 -357 -122
0.01 -938 -419
0.0100227 -1455 -691
0.0100454 -1880 -924
0.010068 -2201 -1107
0.0100907 -2410 -1237
0.0101134 -2510 -1312
0.0101361 -2514 -1337
0.0101587 -2449 -1325
0.0101814 -2340 -1288
0.0102041 -2210 -1233
0.0102268 -2075 -1168
0.0102494 -1945 -1103
0.0102721 -1827 -1036
0.0102948 -1720 -962
0.0103175 -1619 -887
0.0103401 -1516 -815
0.0103628 -1416 -750
0.0103855 -1323 -692
0.0104082 -1245 -645
0.0104308 -1185 -607
0.0104535 -1159 -582
0.0104762 -1176 -573
0.0104989 -1230 -577
0.0105215 -1317 -586
0.0105442 -1442 -606
0.0105669 -1609 -643
0.0105896 -1811 -695
0.0106122 -2041 -758
0.0106349 -2301 -839
0.0106576 -2592 -940
0.0106803 -2909 -1051
0.0107029 -3251 -1178
0.0107256 -3614 -1334
0.0107483 -3993 -1514
0.010771 -4378 -1711
0.0107937 -4756 -1927
0.0108163 -5115 -2165
0.010839 -5442 -2407
0.0108617 -5718 -2641
0.0108844 -5925 -2861
0.010907 -6050 -3054
0.0109297 -6083 -3194
0.0109524 -6018 -3273
0.0109751 -5855 -3296
0.0109977 -5604 -3263
0.0110204 -5280 -3172
0.0110431 -4892 -3030
0.0110658 -4454 -2849
0.0110884 -3980 -2640
0.0111111 -3489 -2411
0.0111338 -2989 -2163
0.0111565 -2474 -1895
0.0111791 -1934 -1607
0.0112018 -1367 -1303
0.0112245 -784 -985
0.0112472 -204 -666
0.0112698 357 -364
0.0112925 881 -90
0.0113152 1344 152
